109
121
114
144
155
121
131
186
171
182
146
191
94
209
59
129
148
91
149
114
233
186
168
142
92
138
227
66
143
138
194
168
94
174
141
172
183
123
198
241
174
191
150
179
101
77
98
103
109
163
127
149
82
133
190
156
184
55
161
129
153
169
184
142
153
254
215
179
121
134
165
131
204
183
104
90
144
187
224
129
169
65
154
178
115
70
216
184
131
85
183
173
62
206
117
97
181
91
135
218
128
103
206
184
104
127
179
150
214
136
208
58
189
160
62
135
151
124
189
172
164
161
134
212
160
63
171
185
104
216
160
42
113
169
99
111
257
107
86
139
173
126
120
106
211
184
141
184
210
257
120
149
156
146
150
203
135
135
141
165
90
125
235
156
189
208
110
143
148
132
211
123
94
174
122
192
113
195
102
156
211
229
164
194
112
119
113
226
125
148
130
114
123
167
123
137
88
99
78
128
159
223
137
256
164
158
189
118
81
162
138
197
87
217
178
181
88
228
140
141
92
136
141
101
16
151
145
108
142
172
204
185
92
122
125
111
210
143
191
110
202
137
185
78
73
115
65
178
168
71
182
122
116
229
246
246
180
137
37
151
248
59
136
247
137
248
154
119
120
206
89
91
207
154
134
136
139
42
183
109
85
160
123
205
161
218
220
177
180
92
61
120
88
223
100
139
148
144
80
88
168
162
171
92
232
96
207
135
208
83
240
120
168
119
142
148
104
195
119
177
150
201
181
183
190
151
148
117
146
154
244
153
226
166
130
16
202
109
64
167
91
145
203
111
92
146
162
91
167
136
225
236
157
107
90
177
93
199
123
180
148
144
126
147
216
147
145
209
71
179
100
193
161
140
197
163
137
179
182
171
104
143
177
110
188
202
204
213
114
244
178
199
147
125
256
60
128
158
121
146
46
161
177
200
174
134
166
124
154
171
190
122
192
228
162
169
155
119
24
110
134
114
177
177
164
187
147
147
110
229
191
133
138
128
179
66
183
108
204
127
207
242
198
167
103
186
91
124
207
94
187
68
134
151
147
171
119
65
211
72
188
163
111
271
179
165
70
194
210
43
133
228
212
61
220
110
138
100
195
169
153
70
110
99
233
173
97
114
119
152
60
100
86
180
141
117
128
84
119
38
192
58
82
128
153
180
203
141
94
130
64
108
66
106
181
138
112
102
200
174
158
107
130
138
165
203
94
239
125
98
53
231
156
114
127
79
55
150
111
193
116
173
197
87
141
65
121
86
94
113
138
74
175
129
96
273
168
173
88
238
220
174
220
146
219
55
123
127
86
159
196
207
144
218
133
163
153
132
101
74
199
174
128
119
174
98
128
235
109
205
64
73
130
196
175
210
198
83
172
67
181
173
200
129
105
94
164
175
170
153
227
170
180
127
122
258
160
131
121
244
265
156
220
107
91
111
142
136
131
95
168
130
161
116
167
64
150
19
47
74
165
72
168
160
151
56
222
79
216
273
199
107
148
204
117
180
187
167
118
162
228
241
40
159
118
125
88
136
131
129
88
235
188
78
70
113
135
49
149
98
137
119
211
144
145
117
246
213
185
153
173
143
167
115
162
139
204
188
195
127
144
168
96
263
227
165
198
171
188
152
162
129
206
216
34
187
153
180
266
87
154
178
219
74
232
253
200
120
164
104
232
73
171
259
104
165
256
59
155
124
101
66
190
192
177
99
197
85
159
203
221
107
119
123
148
142
169
24
102
269
114
155
90
150
39
125
158
182
103
232
155
214
198
160
115
255
127
149
188
107
106
87
128
179
181
27
186
44
104
214
142
187
64
47
155
141
205
76
254
255
141
133
144
187
110
131
169
110
111
154
220
123
201
198
72
102
89
180
141
81
163
141
60
236
190
156
179
214
115
206
129
86
162
93
162
137
66
204
211
159
54
114
232
156
27
189
173
182
183
227
120
156
151
93
121
82
98
165
146
131
111
151
94
217
165
130
190
129
180
201
156
93
66
204
190
153
253
180
125
185
176
261
150
168
152
163
182
134
153
111
64
189
155
137
187
174
116
223
175
121
65
183
102
119
128
104
250
185
100
220
245
84
227
174
212
121
71
141
171
142
124
142
183
173
196
176
174
182
84
99
89
62
209
194
135
193
181
52
117
202
249
104
187
144
194
170
176
194
63
148
160
93
142
215
203
156
178
102
133
141
110
193
155
136
128
151
86
176
180
172
162
198
149
151
105
115
165
169
227
155
219
162
214
218
292
137
174
200
185
180
121
68
175
139
146
181
191
78
235
125
178
186
211
162
181
138
123
153
110
211
243
129
111
139
140
99
149
65
131
138
97
68
110
118
106
117
112
97
121
143
210
135
183
89
164
91
221
163
163
193
273
184
172
209
66
181
118
116
109
64
117
101
121
168
183
154
85
121
166
194
102
128
152
158
189
218
119
135
171
170
184
74
188
124
81
209
127
134
218
119
197
173
147
154
126
133
130
72
105
145
196
185
164
237
132
198
214
92
114
144
99
152
85
231
73
60
128
207
188
220
181
146
103
160
157
112
142
183
182
215
65
134
203
83
239
172
161
71
189
35
181
118
215
121
234
106
172
160
220
163
147
199
172
156
146
40
162
225
201
186
93
134
164
218
149
191
148
185
109
96
183
187
196
220
115
140
172
159
216
147
238
140
91
161
191
178
97
138
195
205
160
165
208
103
120
242
119
76
86
160
163
160
131
186
148
74
188
170
91
150
152
235
127
91
155
159
172
243
173
130
174
187
155
138
143
126
184
172
137
195
125
177
99
93
140
145
154
173
78
45
146
80
259
252
278
97
131
172
152
189
179
142
100
88
124
141
44
153
156
134
225
158
131
112
175
156
210
135
232
88
64
157
189
101
112
193
224
123
149
190
144
226
146
137
83
92
89
110
78
169
60
193
206
138
153
231
94
264
226
177
137
90
166
89
148
231
179
108
240
205
91
91
208
206
153
211
134
222
90
110
136
214
80
197
185
56
168
197
214
133
118
159
108
152
187
146
169
134
216
126
124
250
175
186
149
168
118
125
63
103
223
178
113
122
122
197
126
165
147
118
150
145
46
170
157
175
135
140
180
238
160
222
90
171
197
120
95
209
134
99
127
156
250
149
158
270
168
158
208
147
178
207
133
212
194
212
234
59
221
93
58
175
173
152
145
223
127
199
75
241
118
223
239
214
194
79
157
213
123
73
115
108
180
114
151
183
83
60
86
96
194
69
196
124
189
141
68
195
93
96
155
175
64
124
111
102
159
178
155
171
215
93
165
174
175
144
160
183
150
176
130
135
140
142
69
170
179
232
169
110
233
130
88
134
144
85
206
171
93
56
170
209
136
107
94
184
125
183
138
256
107
169
136
146
121
257
137
74
204
146
128
199
175
71
150
165
142
141
222
128
168
136
208
273
131
194
125
167
119
88
120
177
128
125
276
142
210
197
118
97
219
153
122
186
205
185
264
126
158
124
147
171
171
158
147
110
207
49
266
148
156
163
147
107
255
87
137
231
272
45
158
102
163
226
173
63
104
107
179
108
160
190
180
182
135
174
256
84
179
205
202
145
181
148
123
132
169
208
251
243
133
154
174
66
148
127
32
130
175
66
142
114
164
173
55
98
157
121
194
100
90
98
154
107
112
132
115
165
161
83
85
176
160
210
118
147
171
38
158
131
233
91
122
225
225
51
173
89
130
170
188
100
133
166
98
140
67
223
59
118
227
210
207
204
208
63
176
259
177
150
172
236
138
229
183
199
186
30
234
119
209
87
105
213
159
280
143
131
147
228
174
179
225
140
114
114
165
192
137
221
137
101
204
64
158
209
67
250
49
31
81
127
177
111
73
136
87
148
233
169
159
192
85
165
130
47
119
173
207
127
124
216
124
137
173
176
146
97
168
200
100
195
118
167
182
108
223
108
137
85
54
100
79
97
145
156
207
96
106
174
95
107
117
86
177
81
82
126
183
117
163
85
199
141
140
221
202
190
171
66
187
259
153
126
140
66
210
199
53
164
210
212
172
100
118
175
137
127
96
88
93
97
239
156
219
131
173
178
98
239
166
211
181
113
97
134
115
194
236
157
133
52
138
167
224
190
171
135
171
131
133
192
108
261
146
119
164
199
161
106
123
221
98
157
164
153
156
132
175
186
225
201
170
133
161
177
49
156
97
102
132
107
173
98
151
130
104
166
157
120
38
114
146
105
181
155
128
196
182
152
101
180
219
141
258
99
206
216
123
149
258
174
234
136
121
160
154
128
184
149
124
184
119
178
65
214
219
101
256
238
201
191
121
213
133
256
159
175
240
134
166
127
106
169
103
228
106
79
199
13
164
129
147
128
158
130
158
184
174
123
228
236
132
147
190
80
148
109
175
134
122
169
186
140
95
87
97
124
245
163
145
178
132
103
172
139
147
53
202
141
58
168
163
58
164
149
95
119
185
137
84
176
109
119
215
106
97
256
78
43
58
181
200
103
240
248
157
186
44
196
82
100
114
184
153
148
94
198
152
137
165
193
156
45
180
148
127
112
77
118
