65 37 7
22 9 90
64 2 48
58 81 5
50 75 30
74 28 19
74 9 48
35 92 59
71 78 22
58 25 99
32 52 62
90 11 90
34 2 58
47 71 91
29 9 21
22 53 54
57 40 51
39 20 32
75 58 16
54 54 6
78 97 58
95 11 80
81 20 67
36 92 14
88 1 3
55 67 16
44 89 94
43 2 21
74 27 42
6 60 72
79 73 42
58 40 70
14 63 17
99 24 51
74 11 56
10 98 64
79 70 34
49 20 54
63 51 84
64 91 86
36 47 91
27 89 75
69 23 58
81 31 67
31 20 50
47 27 3
49 10 39
80 8 15
38 27 44
19 50 94
4 85 38
29 48 72
14 10 58
89 19 25
94 54 42
53 31 72
97 40 47
1 24 30
31 63 67
0 70 59
44 64 45
96 48 25
100 23 61
82 40 20
80 48 25
67 95 92
77 39 99
31 76 72
5 21 95
15 37 82
22 83 60
84 0 47
41 96 67
91 26 66
6 51 47
28 47 15
34 89 21
95 25 67
97 39 88
18 41 70
58 93 18
21 1 43
37 37 80
37 76 65
33 34 48
22 10 38
59 60 97
9 97 78
40 21 70
27 0 58
33 78 72
88 52 33
44 13 5
92 17 97
3 19 95
74 9 14
40 69 72
37 12 42
51 71 13
95 68 55
14 41 73
41 2 60
10 99 97
30 84 70
45 22 37
30 28 69
95 2 82
58 37 55
100 61 53
79 8 49
96 94 18
27 20 11
63 60 66
99 28 33
8 49 5
87 32 16
64 81 6
80 16 28
25 86 78
36 68 68
73 12 79
23 52 86
20 80 34
55 99 58
68 58 34
43 13 7
88 2 81
64 55 66
74 4 26
70 50 96
99 61 0
23 13 6
49 43 21
26 94 49
5 16 78
80 14 17
90 99 68
6 20 81
10 53 23
11 85 43
92 73 8
47 18 61
96 2 22
28 41 37
59 76 76
61 75 48
30 38 73
90 78 16
37 95 78
92 90 75
12 89 19
94 0 55
47 81 28
43 48 55
56 58 36
53 80 70
3 91 41
29 13 93
55 72 14
53 30 82
74 13 3
21 63 41
99 53 83
28 70 58
98 89 2
76 91 41
14 39 57
83 43 17
51 80 17
31 15 86
95 99 17
44 2 77
15 73 6
30 95 49
11 11 100
11 89 92
31 16 66
95 92 8
56 37 9
29 33 94
57 73 81
100 29 100
42 75 47
24 82 88
38 45 29
34 1 84
5 24 84
64 73 89
18 70 37
56 14 78
68 20 42
18 54 42
86 8 29
88 8 71
66 22 35
49 29 59
4 3 81
25 35 39
30 34 14
52 5 71
22 97 40
39 89 95
65 18 54
87 78 91
62 49 53
34 25 99
91 71 27
12 34 72
48 1 32
55 80 27
7 86 45
46 82 69
7 2 78
86 60 71
62 82 34
50 51 80
2 65 21
77 65 86
24 60 56
17 30 94
7 9 76
77 42 17
56 77 8
21 41 39
3 5 8
50 11 90
13 78 54
63 31 14
38 23 81
40 98 34
59 79 66
55 63 67
60 16 16
13 12 97
53 52 20
58 47 6
73 51 86
47 86 10
59 85 47
14 44 52
94 77 31
25 44 68
90 91 4
59 12 7
36 19 18
14 1 100
13 52 0
3 95 80
25 68 75
35 4 32
87 1 94
14 72 36
87 8 21
91 38 100
86 65 95
81 77 88
64 24 92
21 98 18
25 11 1
47 20 84
88 93 67
11 40 8
89 3 44
97 93 57
11 81 45
99 80 69
88 36 30
45 69 5
54 20 46
100 95 11
79 2 8
28 22 41
92 22 93
64 57 33
6 80 48
19 88 29
21 37 81
13 4 25
18 80 85
53 5 51
42 21 22
21 98 41
35 67 21
79 49 77
37 53 71
94 42 82
93 40 87
40 91 46
49 82 49
9 42 41
4 45 12
70 43 7
6 30 52
95 39 89
3 5 92
2 90 47
49 78 21
37 83 24
64 0 16
13 69 6
47 91 30
85 66 11
51 82 38
37 4 51
76 82 74
35 43 18
94 50 63
55 48 32
93 15 100
49 9 25
99 97 44
37 55 28
48 73 47
64 47 8
48 1 93
53 54 41
10 6 88
54 94 47
42 64 13
73 77 27
86 43 21
47 93 61
40 98 43
68 81 34
88 59 43
73 55 23
97 18 33
14 50 53
79 66 1
42 82 30
99 67 78
10 96 47
66 94 66
10 67 89
77 26 27
6 3 7
68 58 76
16 88 5
9 19 36
71 83 13
34 13 44
7 78 60
52 99 52
2 69 40
44 21 27
81 53 12
15 47 100
56 1 34
0 74 93
15 88 33
90 87 48
94 97 45
38 91 28
24 62 21
21 41 28
31 69 77
68 4 21
23 83 93
24 44 55
31 61 88
64 28 56
68 74 2
18 84 24
80 2 65
91 45 80
65 60 22
64 11 70
51 70 88
19 17 35
48 81 50
8 34 58
41 57 95
14 88 59
3 71 66
95 45 57
45 44 74
97 23 17
94 71 14
90 26 66
81 78 12
57 6 41
74 24 45
52 79 46
25 28 57
34 96 58
91 51 60
25 96 83
44 69 100
69 27 18
86 66 92
69 35 74
64 63 72
77 4 66
95 21 9
100 58 98
40 15 5
81 9 38
92 39 27
11 38 72
84 59 3
5 35 6
78 72 11
68 28 81
60 49 91
23 60 91
44 75 15
21 81 64
7 18 99
83 32 39
50 35 86
55 57 78
93 21 8
40 86 66
83 64 81
53 88 21
82 69 18
49 60 46
57 24 38
4 5 15
41 56 13
74 34 26
6 85 23
43 78 56
46 96 35
59 100 5
53 91 43
37 68 42
48 46 53
12 47 51
58 84 87
59 82 50
63 47 23
79 25 34
26 8 94
45 47 87
39 10 17
58 25 100
19 75 14
93 51 60
0 52 75
79 52 76
90 81 71
90 68 40
19 79 69
64 10 29
96 65 25
16 3 72
100 9 15
83 53 71
66 4 24
63 62 62
2 45 21
31 10 93
48 93 10
65 56 26
36 61 74
39 16 64
14 27 24
82 89 40
9 0 63
64 87 37
72 59 32
12 6 93
93 84 94
89 83 7
72 24 69
22 48 0
45 75 74
87 76 47
2 21 20
40 79 14
62 69 97
63 85 64
10 2 49
94 35 91
39 39 32
75 2 61
93 1 6
91 66 38
25 62 82
72 3 78
21 35 14
0 81 29
43 51 5
66 82 85
20 61 92
2 42 53
19 13 82
9 49 61
40 37 75
10 37 13
61 9 30
4 11 71
80 44 56
17 99 25
29 34 54
29 67 32
3 54 27
49 40 30
23 13 2
60 49 83
18 2 38
7 62 13
66 59 3
29 31 93
87 48 45
49 91 63
31 92 18
15 64 15
64 40 26
45 13 6
7 82 19
17 20 29
7 18 81
55 80 46
30 59 49
50 37 25
7 53 42
20 80 100
1 83 90
19 96 43
86 11 10
61 17 52
56 66 16
97 25 43
100 85 18
72 1 21
99 94 46
85 30 10
31 28 39
15 24 14
58 75 98
31 96 29
25 27 62
59 14 54
42 26 11
12 38 5
13 92 45
3 63 45
28 67 98
57 1 58
87 39 47
59 77 61
47 31 9
67 66 8
20 9 36
34 21 66
28 55 3
45 43 6
40 61 12
91 46 1
9 57 8
28 97 50
67 61 1
14 39 43
91 87 95
22 57 89
67 90 16
58 24 6
86 86 66
35 95 90
30 64 80
81 55 84
40 57 49
90 90 39
1 44 10
41 74 8
24 95 8
17 5 64
33 36 90
91 60 45
80 81 46
50 75 19
63 82 73
56 21 56
76 24 63
57 81 15
52 29 51
94 1 6
8 13 53
53 97 49
55 44 75
11 56 61
58 11 50
8 82 84
5 55 38
7 29 92
44 93 98
17 63 29
76 43 86
36 24 4
12 51 10
75 45 10
72 57 67
74 6 95
54 98 58
96 37 65
40 43 0
72 38 62
8 0 59
61 37 83
34 49 90
81 84 35
73 20 36
18 79 8
34 25 35
72 47 45
9 99 67
36 35 99
67 28 58
37 99 91
13 69 88
38 100 42
50 13 64
42 13 67
87 83 88
78 63 19
47 54 30
29 76 16
58 95 91
85 89 91
100 30 26
64 96 60
25 70 12
40 43 8
83 1 27
52 3 87
1 59 76
8 37 86
44 34 17
68 99 1
2 60 68
80 74 7
74 1 41
52 76 39
6 0 58
74 11 65
6 8 5
12 25 10
39 34 1
25 49 91
0 50 22
83 1 84
89 8 63
58 93 0
3 53 0
83 95 44
2 47 30
39 94 83
75 98 100
78 25 96
20 22 65
37 12 99
71 59 74
57 33 27
91 50 39
26 66 95
40 99 28
62 14 42
54 36 72
65 89 74
89 91 61
32 5 3
0 81 78
32 53 33
97 20 8
32 36 20
22 56 58
74 48 9
3 65 61
40 47 1
86 76 73
49 98 41
16 21 41
10 33 27
72 28 13
59 64 12
19 14 16
45 47 57
1 30 67
95 31 11
26 26 67
75 76 60
90 23 31
87 4 54
16 78 23
84 68 94
27 98 88
66 57 62
79 37 37
20 93 60
53 30 60
59 79 29
43 44 28
63 11 88
78 14 47
48 78 78
80 80 28
93 24 78
50 27 50
32 79 33
62 73 33
19 46 31
71 99 93
56 94 77
50 54 61
53 91 54
56 89 26
23 72 93
21 38 93
54 79 29
9 74 46
32 96 78
95 90 31
17 7 10
92 69 26
59 49 45
42 97 41
86 91 89
25 59 3
11 81 62
7 95 76
97 57 65
22 51 1
40 100 92
95 80 78
96 97 7
98 5 17
57 30 77
6 54 44
88 64 80
40 17 16
58 36 77
86 83 90
90 10 4
21 56 88
93 84 79
44 14 1
54 93 8
47 15 62
10 87 4
13 40 13
30 99 61
45 89 58
11 74 92
3 27 69
38 81 78
33 34 18
82 25 52
89 68 46
91 36 94
19 52 36
65 3 51
60 27 36
84 14 50
11 60 71
8 73 88
4 19 1
59 32 11
78 94 97
37 47 30
56 69 30
84 2 4
69 13 68
20 12 7
33 42 50
14 69 75
82 58 42
9 72 22
84 73 75
76 72 7
38 99 77
93 44 61
89 59 12
71 9 35
81 74 100
33 1 93
64 44 41
37 89 62
2 37 68
26 41 39
33 46 8
17 79 32
100 13 66
74 52 55
5 8 14
9 81 96
3 9 32
80 5 19
96 48 70
11 37 94
93 71 23
25 37 2
26 1 20
78 23 54
41 16 84
78 50 77
3 33 40
96 76 82
92 73 90
42 87 12
62 31 40
22 69 53
58 69 60
52 42 16
15 47 69
63 82 24
21 19 70
44 44 23
63 32 59
86 76 58
6 80 37
92 16 93
34 98 66
21 30 21
30 56 16
30 37 22
61 94 25
23 63 55
13 10 58
29 49 85
54 44 43
16 17 27
51 100 85
51 64 75
66 69 21
17 98 64
59 79 76
72 14 29
91 99 16
72 34 23
15 48 23
23 60 79
42 15 36
44 96 22
55 2 80
18 16 32
93 64 47
41 73 97
78 24 57
15 11 28
69 28 17
56 85 91
56 59 41
8 9 10
91 8 90
41 45 87
9 81 92
59 46 78
72 91 64
77 27 16
2 79 75
13 90 48
7 42 44
30 64 27
19 10 53
72 25 1
12 55 98
24 72 50
60 63 8
19 92 0
43 46 62
30 6 58
94 60 63
62 14 89
28 52 50
13 89 88
34 65 30
41 59 80
83 39 79
91 11 54
62 29 2
2 22 42
83 23 98
27 71 92
79 1 73
69 97 87
97 51 32
25 52 48
7 83 95
65 40 71
77 90 94
25 75 50
26 86 56
17 35 100
75 44 44
14 89 79
74 32 28
23 83 47
12 69 30
0 15 49
47 63 79
75 61 19
86 37 14
2 94 91
75 6 93
23 40 53
54 87 82
25 66 84
61 13 47
32 32 1
91 1 91
68 11 23
56 16 47
38 38 52
90 2 12
61 95 94
26 62 97
32 3 65
67 86 67
61 84 100
0 13 71
96 84 47
11 77 86
92 100 20
46 73 2
55 6 10
15 89 37
70 79 22
53 75 14
67 1 56
80 2 60
68 76 39
22 68 83
73 26 97
40 40 96
22 88 64
72 83 27
14 38 32
57 22 20
21 7 61
36 7 19
81 97 31
65 93 36
79 14 42
36 90 67
26 85 70
6 11 35
6 23 88
95 67 40
72 87 90
30 36 38
31 91 65
44 88 12
72 80 42
55 81 34
82 30 64
91 86 17
25 1 37
57 11 80
88 6 66
27 65 1
81 13 48
53 83 79
39 73 91
67 41 48
29 99 50
64 19 19
16 36 81
50 86 5
36 10 64
74 88 31
51 89 15
27 34 75
12 70 46
24 58 69
68 4 14
86 64 26
59 43 78
69 3 100
79 28 55
81 26 91
28 88 33
92 35 24
86 17 2
53 14 48
51 61 53
65 49 55
93 87 47
76 59 20
80 57 82
30 38 94
76 57 81
83 73 62
100 94 98
45 44 48
3 90 81
53 98 49
21 100 64
44 81 55
2 88 31
26 5 37
75 98 2
60 46 33
55 60 31
38 51 92
32 91 68
10 47 21
72 75 88
7 92 26
71 44 63
90 34 62
61 55 95
70 60 32
46 63 72
31 72 35
74 44 5
37 26 90
13 26 71
97 55 59
97 78 68
26 12 91
19 14 78
28 79 32
13 45 82
18 11 70
26 37 86
25 33 7
71 56 4
92 6 40
20 27 50
50 4 14
3 20 87
41 68 9
11 65 30
25 26 66
62 6 44
80 11 6
29 12 80
37 62 44
79 67 64
2 99 34
47 91 45
17 10 62
80 48 36
66 20 5
72 87 62
3 79 81
20 78 65
91 11 91
82 95 96
84 26 74
58 90 24
87 30 92
14 37 15
99 51 31
55 43 20
40 2 74
53 37 19
8 28 28
15 85 17
11 36 54
54 15 52
67 87 14
24 72 87
68 24 62
30 30 25
18 38 65
69 77 20
26 93 75
33 51 18
27 73 28
93 5 54
96 49 13
62 92 35
91 32 95
77 14 28
35 83 17
90 18 63
81 33 56
66 18 100
1 73 0
42 85 61
10 68 46
38 41 2
94 22 93
16 97 14
50 3 81
70 66 82
74 39 6
48 76 73
28 97 48
68 41 38
61 16 77
29 60 37
15 60 58
17 40 73
43 12 17
10 88 7
52 9 84
66 93 37
70 64 51
94 41 29
65 95 77
74 56 2
76 53 69
49 67 98
29 39 24
8 73 33
75 53 16
17 67 15
60 51 41
10 50 25
72 60 99
12 1 60
5 1 54
9 42 77
79 64 64
62 81 45
85 74 61
35 53 93
92 46 8
72 2 29
77 33 50
41 70 46
49 4 59
46 59 37
63 33 87
47 85 50
84 47 84
3 27 35
68 25 41
87 69 47
36 10 37
90 94 55
60 90 22
64 73 24
1 10 60
46 90 53
0 18 17
60 54 67
8 67 43
71 56 88
24 65 32
63 92 79
3 28 75
52 87 33
19 74 67
49 85 86
69 40 54
43 33 71
45 95 59
55 20 97
80 63 13
32 29 85
22 0 18
22 88 52
80 77 68
51 88 62
64 76 46
14 66 13
59 20 55
93 13 58
88 100 30
17 93 39
25 74 92
99 48 1
61 34 90
15 89 5
20 43 33
74 30 79
84 49 54
13 95 88
72 55 93
80 8 27
85 13 42
65 53 54
90 28 41
24 98 94
17 85 45
88 91 59
94 29 17
39 48 4
64 71 26
92 94 5
43 57 78
5 2 90
5 49 84
86 22 87
91 94 20
29 92 39
87 9 69
76 97 35
19 23 61
66 12 42
96 57 89
69 37 13
9 53 14
9 21 56
65 27 68
90 40 33
7 98 55
54 26 51
84 41 61
3 48 97
39 22 13
43 88 57
93 19 58
12 59 20
44 95 11
63 9 80
66 74 95
54 24 49
12 46 33
30 75 50
48 32 79
69 86 17
50 93 100
2 97 74
43 49 38
69 33 72
31 75 81
68 70 17
78 36 24
14 53 76
19 69 38
21 63 100
89 26 57
64 28 45
11 84 100
39 43 43
45 74 58
11 55 33
30 47 16
41 35 64
74 65 6
63 33 58
60 59 54
8 59 11
12 31 2
75 44 27
27 50 3
74 100 85
69 86 97
95 99 84
23 60 14
47 49 35
64 83 25
41 82 29
51 45 93
84 84 11
36 38 68
83 11 6
52 11 25
59 63 2
43 84 14
16 5 23
58 27 68
25 76 55
31 83 20
84 78 63
91 24 43
74 22 35
19 59 34
80 17 78
79 58 19
41 100 69
88 17 30
54 84 94
1 84 3
15 7 42
71 66 20
21 85 83
73 3 25
13 49 50
38 61 94
70 97 57
78 2 43
40 37 72
72 98 20
79 44 21
64 96 66
37 21 88
80 0 57
33 47 3
39 8 45
69 11 9
52 19 39
7 44 27
73 87 9
6 2 52
80 97 16
63 93 50
35 36 67
89 27 37
78 71 82
39 26 29
99 78 87
98 99 29
99 5 73
44 46 47
1 17 72
54 85 27
24 34 31
19 90 39
63 74 94
47 37 95
45 23 40
87 83 70
42 68 95
0 39 52
63 24 4
83 37 88
59 90 57
57 68 28
84 61 66
33 14 87
86 50 86
52 32 6
78 9 23
71 27 38
72 75 67
22 39 19
64 80 53
86 88 11
2 36 18
33 64 71
87 95 15
67 100 47
71 29 33
24 17 77
35 56 68
44 0 64
31 67 54
65 90 32
40 77 29
42 70 57
32 84 18
64 96 56
9 55 62
62 20 42
71 84 95
41 50 84
83 11 92
53 80 16
47 33 88
8 10 100
35 27 63
9 48 6
61 31 11
34 99 90
77 77 24
71 36 6
73 29 20
88 3 31
87 86 24
22 93 11
85 38 42
22 66 59
52 37 29
34 43 73
96 41 8
18 25 3
17 60 93
60 67 30
41 53 81
13 97 25
3 65 72
81 46 53
67 79 92
3 61 96
33 96 93
52 9 29
44 38 89
93 12 92
91 25 4
21 47 27
98 27 84
50 37 47
73 24 2
35 70 22
37 31 88
96 78 76
84 55 10
55 19 84
85 92 93
47 53 68
5 71 82
96 54 58
23 75 49
89 72 17
36 72 99
23 81 29
67 98 47
54 80 60
74 99 39
92 73 69
28 1 30
61 86 74
18 61 14
15 41 2
53 33 89
85 21 67
76 61 15
64 25 56
76 93 54
33 19 75
75 73 51
29 20 26
76 91 74
32 26 60
42 87 94
80 72 87
26 97 91
55 92 47
33 11 35
55 9 93
81 57 75
53 32 38
22 21 30
0 48 67
9 13 86
76 89 15
35 63 16
47 40 64
80 97 6
0 83 0
6 8 46
14 52 20
22 46 28
44 60 90
18 32 19
84 87 25
31 81 12
99 76 14
47 43 51
50 5 13
83 34 78
19 63 11
6 69 21
10 51 94
4 85 86
30 4 30
10 56 58
99 2 10
31 48 23
98 19 42
74 61 43
71 12 72
9 73 89
86 71 58
50 3 40
44 99 22
28 93 53
34 96 45
48 60 36
24 37 99
39 81 63
75 8 67
32 51 93
91 20 19
35 27 73
58 77 5
100 12 30
28 9 32
57 54 59
34 49 96
94 80 58
85 69 15
21 87 2
94 71 68
34 53 43
12 35 41
2 81 51
46 90 8
21 32 32
67 49 90
33 100 38
11 58 24
2 43 11
41 53 76
93 64 52
17 77 42
76 26 5
43 44 7
31 74 79
5 36 84
88 45 50
27 40 71
96 75 85
20 64 23
68 24 77
87 3 46
92 18 36
22 84 15
76 100 81
17 84 36
26 44 4
95 53 56
38 52 56
12 71 45
88 89 22
17 95 63
2 26 43
50 49 51
73 76 16
87 2 53
66 18 57
86 38 98
27 63 38
22 49 97
66 19 51
12 96 100
99 100 74
83 41 7
17 84 93
75 11 39
55 55 57
97 20 2
60 15 13
46 73 1
80 24 73
88 4 36
83 21 21
92 93 91
28 15 99
68 57 85
99 3 95
73 31 14
12 2 83
82 62 75
32 83 38
52 62 8
92 21 73
77 49 79
45 78 62
77 95 92
23 9 94
63 45 50
29 5 90
42 85 20
52 35 84
92 62 17
26 54 78
6 41 100
47 7 56
49 71 87
43 5 1
83 94 89
15 98 35
45 57 54
17 74 72
34 45 68
5 2 100
99 60 96
73 10 4
54 75 8
76 76 79
83 92 97
19 9 17
10 87 61
48 28 26
68 22 73
77 98 51
71 31 71
19 28 16
57 41 6
63 2 42
55 85 39
17 75 16
33 55 72
95 11 84
11 80 89
31 63 88
24 42 69
75 82 17
80 81 95
37 31 16
36 67 76
68 83 54
36 66 100
34 32 79
67 85 29
90 28 30
6 93 24
92 13 27
56 45 68
93 77 38
90 96 65
87 93 63
55 77 1
60 3 91
0 100 74
10 17 39
4 90 54
62 46 19
5 6 21
76 17 37
78 0 97
39 6 21
72 24 46
55 41 18
85 18 61
23 57 93
31 17 7
62 11 25
88 67 2
36 18 67
69 48 77
39 15 46
49 33 8
71 13 14
77 50 27
23 26 58
56 41 15
27 8 97
15 45 55
47 25 93
25 36 100
6 72 5
59 10 16
93 24 59
75 76 9
35 96 79
25 35 58
82 27 38
74 8 89
10 27 1
65 81 12
26 84 21
67 86 80
6 38 47
46 55 21
92 77 56
89 46 90
7 42 2
33 78 62
35 31 23
47 76 7
63 81 26
58 49 81
16 62 22
53 27 53
25 64 77
27 19 52
64 48 28
18 48 1
85 99 39
7 31 21
44 0 74
82 77 68
67 43 100
57 59 91
93 97 14
64 48 96
0 21 42
64 74 38
93 71 95
90 43 44
90 59 1
85 42 45
98 80 58
31 59 48
75 70 84
8 99 76
64 89 46
45 43 98
29 1 0
84 53 97
9 69 41
66 76 67
76 2 9
52 0 53
55 67 91
44 64 51
99 82 99
42 33 68
38 11 82
53 74 20
31 100 97
29 98 47
92 53 34
78 78 69
19 97 24
34 44 36
88 12 14
27 56 82
97 95 0
93 13 31
96 51 74
60 75 2
36 17 48
79 36 89
23 8 33
48 82 28
82 54 73
35 31 1
59 92 99
5 23 21
4 0 27
65 4 12
26 39 62
59 86 32
56 46 9
65 3 5
53 38 45
31 38 18
85 5 58
54 81 98
10 89 70
98 8 53
53 57 82
77 7 1
99 27 39
45 70 15
2 23 22
16 93 10
46 41 86
87 92 28
21 84 22
19 24 81
95 39 82
24 78 22
92 40 5
68 92 13
77 43 56
58 77 11
33 36 28
90 62 16
89 68 43
62 33 5
45 79 71
59 45 14
92 17 58
56 39 87
72 11 25
99 44 80
46 0 62
18 49 70
13 53 19
43 5 6
41 58 1
57 5 17
48 16 33
50 51 44
56 23 77
63 76 68
33 59 4
89 1 16
20 55 99
14 56 25
8 23 76
61 55 1
14 53 19
56 49 72
4 45 32
33 20 29
46 3 77
62 50 71
3 62 52
56 27 80
38 21 26
65 58 76
86 49 6
2 50 88
100 30 91
19 95 88
66 73 51
76 30 65
53 8 5
86 47 54
86 85 88
82 54 17
20 8 98
72 21 47
15 47 4
82 66 62
55 92 52
27 7 19
9 88 67
98 21 91
91 71 50
32 85 55
32 53 15
20 72 26
72 73 30
20 67 50
75 5 47
52 23 21
36 9 43
5 52 36
32 28 37
40 99 100
9 82 65
40 100 79
96 34 1
73 65 35
77 37 64
21 39 38
73 92 74
99 16 51
39 84 88
71 71 39
82 24 7
35 34 28
11 65 58
47 65 3
32 68 94
60 99 77
95 23 39
30 71 32
0 46 6
39 46 53
79 24 64
79 91 54
88 37 65
27 48 96
11 65 59
0 98 73
6 88 37
4 73 56
82 20 90
2 21 85
71 92 98
64 74 8
11 52 56
93 26 45
46 86 67
54 84 23
8 38 60
12 35 76
95 37 89
18 78 2
84 50 23
92 60 12
72 62 19
63 33 60
60 23 49
69 11 95
99 68 19
67 85 73
76 100 25
73 66 31
33 40 60
28 52 81
73 46 58
5 19 25
64 69 23
62 23 12
42 36 24
68 37 27
24 28 55
74 30 69
0 86 12
3 93 55
99 25 6
17 74 13
78 79 9
24 95 38
60 55 5
2 28 8
84 4 26
73 39 34
18 42 45
36 56 89
80 2 73
54 30 44
27 84 85
71 72 39
34 18 100
10 25 66
78 65 37
76 56 87
55 7 79
95 100 63
59 26 14
44 94 68
86 53 77
10 95 18
45 70 34
67 96 95
94 40 40
80 72 82
42 35 59
14 17 90
68 15 77
22 41 91
92 1 35
59 33 92
48 1 100
74 27 23
67 74 43
7 67 45
40 88 50
13 44 8
71 81 62
91 42 86
20 46 35
95 100 61
96 85 57
60 99 42
97 66 28
88 33 0
69 45 99
7 68 58
62 99 95
40 31 88
63 89 23
83 68 89
15 50 69
97 1 68
45 30 52
26 43 37
20 75 74
51 36 16
50 95 83
9 54 43
22 16 41
67 71 61
2 4 7
45 45 74
0 86 43
13 41 93
84 20 24
50 44 64
48 12 70
62 26 70
92 1 91
26 81 67
12 40 71
67 90 71
81 85 70
23 67 42
57 72 18
88 28 74
15 62 3
63 51 34
33 59 17
69 49 57
27 32 75
43 13 66
83 74 12
63 69 54
75 6 59
39 51 5
28 33 26
21 9 67
3 92 29
92 86 67
76 73 14
11 34 100
94 35 49
32 63 37
6 92 5
85 59 28
54 0 85
60 13 74
19 13 21
91 56 55
22 49 70
20 25 13
75 16 77
67 28 68
20 0 38
41 49 74
8 85 56
10 30 55
6 24 89
11 92 82
60 3 74
26 2 56
9 80 87
8 39 62
65 14 40
72 99 44
88 12 6
59 29 9
60 99 97
7 11 60
36 5 2
7 48 3
27 87 67
43 58 99
82 3 18
93 63 84
91 74 83
97 10 50
46 54 86
18 16 10
70 78 48
17 12 53
47 39 14
17 64 33
75 71 38
95 18 40
54 80 14
62 13 19
86 98 14
73 72 7
88 2 47
32 91 42
24 98 71
77 78 1
7 23 15
84 66 30
50 63 35
24 12 91
4 18 90
43 10 24
37 68 13
